0	   0	         0
-14.3261  -0.079049	-0.139807
14.5651	  -0.0853524	-0.120796
-14.2723   14.4083	0.0825001
0.126167   14.4276	-0.0967417
29.0437	   14.3262	-0.147404
-28.7194   28.8398	 0.206285
0.175357   28.8142	0.0526679
7.30691	   28.7689	-0.160281
43.5214	   28.8485	-0.120654
-14.2785   43.2853	-0.135402
0.203476   43.2321	-0.140834
14.4753	   43.2224	 0.382647
29.1122	   43.1869	-0.0986752
43.6068	   43.2152	-0.0962194
0.161813   57.5936	0.000796059
14.6852	   57.7295	-0.143987
43.5247	   57.6693	-0.145389