0            0        0
-0.00977035 -14.3665 -0.0138854
-0.0513467  -28.7585 -0.0348377
14.3748      0.193885 0.0832644
14.3358     -14.2105  0.0570613
14.3744     -28.6829  0.0363529
14.3095     -43.397  -0.0583901
28.8714     0.0659559 0.00838806
28.7469     -14.3979  0.0941526
28.7298     -35.9793 -0.0148274
28.7144     -57.6334 -0.0275956
43.1314     -28.6541 -0.034361
43.144      -43.2259  0.0477165
43.1168     -57.5517 -0.0261297
43.0598     -71.9823 -0.0111374
57.583      -43.2163  0.0783825
57.5378     -57.6664 -0.0232775
57.5644     -72.0431 -0.0255126







