-1.470058151868004259e+00 -1.281607557049575963e+00 -7.753711496951448678e-01
-1.585856551527412250e+01 -7.996346495813624333e-01 -9.386278330464582487e-01
1.307436902446857019e+01 -1.824730879039344611e+00 -9.284021293471386160e-01
-1.523841910202079397e+01 1.370493398675442265e+01 -7.129511113902967656e-01
-8.016995216639548616e-01 1.323253055252620669e+01 -9.792315724741714744e-01
2.858995548392494612e+01 2.682426686504514635e+01 -9.832858023335674380e-01
-2.918512173952351674e+01 2.868314274327146052e+01 -8.633487937906086929e-01
-2.320099492186216139e-01 2.756636847935372359e+01 -1.005192131274385225e+00
6.834481743494842831e+00 2.729624124446697664e+01 -1.050313472933121606e+00
4.303349638427944512e+01 2.613434359235162674e+01 -8.589672193178446991e-01
-1.419142140326672497e+01 4.254203249156660149e+01 -1.177403325254503752e+00
2.610946935877591635e-01 4.196327376499228734e+01 -1.144534941352282953e+00
1.459751514192892863e+01 4.141879520773676404e+01 -4.875406208605409519e-01
2.855923654287875735e+01 2.700821232823968643e+01 3.000062722532211623e+01
4.363966149458995858e+01 4.041311693088767498e+01 -9.883413641633017610e-01
7.671836706870203137e-01 5.636792615752105462e+01 -1.048163311113507579e+00
1.526372430400857461e+01 5.590656853936638271e+01 -1.183848683490102527e+00
4.405826246349668196e+01 5.485177529492573711e+01 -1.082696087544609664e+00
