-1.500024108158824365e+00 -1.195875820371013365e+00 9.158474728745648052e-01
-1.581952531646421001e+01 -7.688939958761893401e-01 7.355487803061061536e-01
1.305321435685403664e+01 -1.796738810090284577e+00 8.369262218854106594e-01
-1.525389585979236173e+01 1.370832151335577009e+01 8.964535705093229501e-01
-8.633259363881424786e-01 1.321768277453359453e+01 7.581677413822649481e-01
2.803255427045402826e+01 1.209356770587222485e+01 7.903518829222181408e-01
-2.918174830792155916e+01 2.864206471882537741e+01 9.177471775404802967e-01
-3.056707130196125721e-01 2.759405938483579490e+01 8.465909016844570534e-01
6.820365329838889323e+00 2.729568207603254137e+01 6.541621790540683712e-01
4.301476828424773657e+01 2.609481527789332844e+01 7.966617447985993028e-01
-1.423803376256218556e+01 4.256626079599313783e+01 5.558462831370654111e-01
2.329591114591000878e-01 4.200097063144550447e+01 5.919140123569504031e-01
1.449404402012571857e+01 4.148888319327880936e+01 1.156104067046320516e+00
2.912177340731167163e+01 4.093373486129611649e+01 7.166541552630063538e-01
4.360824396535605985e+01 4.044948084304669322e+01 7.602992887387435283e-01
6.989516466952063745e-01 5.635544203291106413e+01 6.724054453988486113e-01
1.521839447777483834e+01 5.597706173365124016e+01 5.684385271754719415e-01
4.403761527556784472e+01 5.489709397861103923e+01 6.494848826373925688e-01
