0.00351077  0.0679401  -1.77585
0.00338266  -14.3262   -1.7694
0.0199602   -28.7249   -1.7583
14.456       0.132668  -1.60371
14.3656     -14.2771   -1.65177
14.3883     -28.6651   -1.66984
14.4745     -43.3727   -1.56928
28.8729      0.188193  -1.70973
28.6787     -14.2258   -1.69182
28.8376     -35.9901   -1.76877
28.7586     -57.4874   -1.76476
43.1635     -28.579    -1.79202
43.1629     -43.3183   -1.68488
43.2263     -57.5737   -1.71469
43.1317     -71.9469   -1.74123
57.6112     -43.248    -1.64092
57.5722     -57.6345   -1.77114
57.5836     -72.0145   -1.75246


